14
0,6,10,18,19,28,41,49,59,77,89,96,111,117,137,138,139,151,160,167,172,177,183,202,207,227,242,288,290,294,300,319,325,337,346,354,356,381,393,395,399
15,20,22,37,44,47,57,67,88,101,104,115,127,128,134,149,152,174,181,182,191,193,209,211,215,216,222,228,234,248,250,252,253,255,264,271,315,320,321,324,349,352,384,401,402,404,409
7,9,34,39,72,103,112,123,141,144,153,169,184,217,232,256,265,333,344,350,366,378,392,396
23,29,46,71,87,142,206,240,254,267,272,287,298,306,308,316,332,334,339,348,351,364,371,373,379
3,5,32,69,75,79,91,102,114,170,244,245,261,268,278,286,302,303,336,340,355,360,385,403
1,43,53,54,56,66,74,78,85,94,121,156,178,185,199,208,219,231,246,257,270,307,323,342,375,397
30,58,90,92,105,107,122,124,126,133,135,148,155,158,179,186,195,196,197,229,243,269,289,328,383,387,389
2,26,52,64,95,100,119,130,163,168,173,187,212,218,233,276,285,291,301,317,326,367,376,377
13,16,21,24,40,51,60,61,65,68,70,86,99,120,131,140,145,154,157,159,161,164,171,176,180,198,200,214,224,225,236,247,260,263,266,280,281,282,283,284,295,297,299,305,309,313,314,322,341,343,353,357,368,372,382,386,398
4,14,27,62,93,106,108,109,146,162,189,194,220,226,237,241,274,293,335,345,347,405,408,411
33,35,36,45,48,50,55,63,76,80,175,190,192,203,204,221,238,262,277,331,359,388,410,412
8,12,42,98,116,132,165,166,249,259,273,275,296,304,310,318,338,361,365,380,394,400,406,413
11,25,73,84,97,188,201,205,213,223,235,239,251,258,279,311,327,329,330,358,362,369,390,407
17,31,38,81,82,83,110,113,118,125,129,136,143,147,150,210,230,292,312,363,370,374,391
0,6,10,18,41,49,77,89,111,117,137,139,151,160,172,183,202,227,288,294,300,319,325,337,354,356,393,395,399
20,23,29,37,46,71,87,104,134,142,149,191,206,211,222,228,234,240,250,253,254,255,267,272,287,298,306,308,316,320,321,324,332,334,339,348,351,364,371,373,379,384,401,402,404
8,12,42,98,116,132,165,166,249,259,273,275,296,304,310,318,338,361,365,380,394,400,406,413
3,69,91,102,170,205,245,251,336,355
4,14,27,62,93,106,108,109,146,162,189,194,220,226,237,241,274,293,335,345,347,405,408,411
17,31,38,81,82,83,110,113,118,125,129,136,143,147,150,210,230,292,312,363,370,374,391
7,9,34,39,72,103,112,123,141,144,153,169,184,217,232,256,265,333,344,350,366,378,392,396
2,26,52,64,95,100,119,130,163,168,173,187,212,218,233,276,285,291,301,317,326,367,376,377
15,22,30,44,47,57,58,67,88,90,92,101,105,107,115,122,124,126,127,128,133,135,148,152,155,158,174,179,181,182,186,193,195,196,197,209,215,216,229,243,248,252,264,269,271,289,315,328,349,352,383,387,389,409
13,16,19,21,24,28,40,51,59,60,61,65,68,70,86,96,99,120,131,138,140,145,154,157,159,161,164,167,171,176,177,180,198,200,207,214,224,225,236,242,247,260,263,266,280,281,282,283,284,290,295,297,299,305,309,313,314,322,341,343,346,353,357,368,372,381,382,386,398
33,35,36,45,48,50,55,63,76,80,175,190,192,203,204,221,238,262,277,331,359,388,410,412
5,32,75,79,114,244,261,268,278,286,302,303,340,360,385,403
11,25,73,84,97,188,201,213,223,235,239,258,279,311,327,329,330,358,362,369,390,407
1,43,53,54,56,66,74,78,85,94,121,156,178,185,199,208,219,231,246,257,270,307,323,342,375,397
