-8.67190487,-5.81998651,-6.34167003,10
-6.39072558,2.73981153,-0.12075760,3
8.25246366,-0.19227903,-0.13735919,11
4.15181828,-7.34592492,6.12209205,16
1.93721074,3.22204011,9.45110188,13
6.35180650,-8.27527057,6.99306152,16
-7.33773095,-7.98207087,-5.78587833,10
-3.86244684,6.48063237,-9.99158698,14
-0.33660556,6.60470278,10.15985123,8
-5.27160511,4.06911365,-9.08016332,14
-7.77763591,-6.79807926,-6.22374116,10
8.38599219,-2.79602077,6.17173090,7
-3.04651068,10.86785244,9.22192787,8
-6.44396352,-10.79449411,-4.12826070,6
1.97496629,5.74968093,6.47110742,13
3.78580131,-4.60521640,-2.57548533,2
-6.90868105,-9.25949244,-3.02495880,6
-9.25222032,4.23637675,-1.06542533,15
-7.47502305,-6.30075787,-6.83404913,10
-6.95933427,-10.52405222,-5.84853706,4
1.05002434,-6.00740411,-4.24701749,1
-6.46415621,-10.86741949,-5.10814218,4
3.46623345,-5.79935565,-2.90818645,2
-4.38443154,-1.50606117,-3.64692374,0
-4.71445041,-10.50189573,-4.35621821,4
7.98506540,-2.86335535,7.32695917,7
8.72316588,-0.68419736,1.72769895,11
0.78551726,3.56008117,7.96668246,13
-5.35428103,-11.17756877,-5.97363887,4
-4.72884489,-3.65888068,-4.50489959,0
8.40439530,-4.88496789,-5.12065902,12
-8.97690554,4.44608628,-0.09541192,15
4.95595111,-7.89269163,6.45811239,16
-1.24443070,2.03335642,-2.09892750,9
-4.44354129,6.53071718,-9.62930882,14
-1.52638408,2.28704375,-2.81745429,9
-0.77167255,1.65074914,-0.84833564,9
-1.49235688,-6.68987237,-3.20798189,1
-7.63231172,3.97736047,0.15305840,15
-3.91678719,6.04788136,-8.69906697,14
-8.18299164,-9.35302930,-0.89817823,5
-6.20142160,-10.13745446,-6.65479708,4
-2.45268012,7.74776662,9.54444830,8
-5.97051846,3.00362469,1.34330862,3
2.75138775,-4.21229567,-3.65338390,2
-0.31779872,2.26065530,-0.71611920,9
-4.15315515,-4.05680134,-3.65188352,0
2.24106457,-6.22891147,-2.99075029,2
-0.26757111,3.21393268,-1.09241569,9
-7.59507350,-7.76973452,-8.00025436,10
1.46328791,3.28611297,-2.51095714,9
-6.66149848,-8.41794821,-2.06834745,5
9.74385423,0.07509172,3.07893152,11
-6.32907099,4.20350744,0.44686008,3
-4.66944300,3.43521398,0.37800582,3
-0.29302379,3.80974265,-1.69935083,9
-5.82975493,5.12682830,1.63784452,3
3.00019571,-5.59548075,-5.57019800,2
8.11488447,-2.89257434,-2.65342575,12
-6.82898087,-8.66935195,-5.25815088,4
-7.99110885,-9.16855978,-2.21886858,5
-6.06603235,-11.16040952,-0.71539601,5
2.01774720,4.05557162,10.11852806,13
0.09848728,5.44606454,-2.23936895,9
6.89660988,0.91614401,2.92925812,11
-8.85444704,-9.31611850,-3.19736602,5
-6.16234129,2.70404131,-0.25466971,3
3.64648279,-5.85082131,-4.34075565,2
-5.19976895,-9.97362795,-3.37405517,6
5.39642994,-7.32079513,6.57340042,16
-7.50757713,-9.72208265,-1.51960853,5
-3.76679022,-4.79066761,-4.25201776,0
-3.19929505,3.76376435,-10.59038922,14
7.96020052,-3.08299180,8.42258705,7
-5.37007797,1.18712726,0.56463338,3
5.90636376,-10.21573989,6.15182862,16
-0.14328215,1.89426843,-0.97190734,9
-7.73399976,-8.05600812,-8.09426549,10
-5.95793981,2.96983094,0.94090917,3
6.59624230,-7.39786060,6.84067446,16
1.77248464,3.58326778,-2.14542041,9
-8.85013352,3.92578442,-1.98836621,15
-8.25574172,5.25085162,-1.87978019,15
-9.51916227,5.58678501,1.02501687,15
8.95718759,-3.35363368,5.80085433,7
-4.39171574,4.15050994,0.43830326,3
-7.34730394,-9.30447487,-1.93475644,6
-3.12458785,-3.66187489,-2.04794610,0
3.99389605,-5.23370738,-3.63483421,2
-8.19913405,-5.62529640,-8.63187743,10
8.28311867,-4.69917692,-3.03194240,12
5.53017310,-6.42701819,7.64437534,16
7.10381003,-4.16711476,-4.55117172,12
2.67311576,3.72365904,8.84549305,13
-6.70690771,4.55260317,-0.17791970,3
8.04714749,1.48942832,2.01000551,11
-6.90392706,-8.74407340,-5.40797530,4
6.67600480,-4.38268179,8.57932975,7
-0.89111345,7.27076245,8.88918969,8
-6.97522213,-12.41620844,-5.18867454,4
7.66250855,0.73752959,3.94052588,11
4.18962300,-5.23303173,-4.29777735,2
5.93836341,-7.95875264,3.88305796,16
-3.96112339,6.29526857,-8.66207737,14
-1.20289454,-6.23342404,-4.76544724,1
7.54498108,-4.24519439,-5.20942702,12
1.66436136,3.92926796,8.05901563,13
7.98513647,-4.13885682,-2.70209096,12
3.58657012,4.45052438,9.09467621,13
3.42924197,3.38848067,9.54967690,13
-9.36510707,4.98663408,-1.83172430,15
-8.49165045,-8.58463571,-7.95677440,10
-4.32702175,6.26585628,-8.66207795,14
-9.58373546,2.67397165,0.25550291,15
7.38123291,-9.83042130,5.65892687,16
3.83916022,-4.04901468,-3.85106055,2
-1.12284333,8.72880260,10.23414865,8
-9.03407129,-7.28411513,-7.16533821,10
-9.44557374,5.05815496,-0.12250007,15
8.27909507,0.51130624,1.92914258,11
-8.37323248,-9.40642671,-2.79997312,6
-5.51901367,5.22421103,0.61395165,3
6.18070695,-4.52014175,-3.64245528,12
-3.84960437,6.74937597,-8.10520714,14
5.06357373,-5.29502556,-3.75465177,2
-8.81525073,5.79431055,-0.22155481,15
5.22905842,-5.55724675,-3.05055174,2
2.81775295,-5.34954830,-3.25829871,2
3.91241847,-5.34103770,-3.66845830,2
-8.16442579,4.03613567,-2.74414845,15
7.25355934,0.59811007,1.49782172,11
-5.17569523,-8.46321075,0.10101150,5
-2.46064459,7.71966632,10.21405358,8
7.49329281,-1.73374350,-3.28424040,12
0.49392422,-7.40151286,-5.57766836,1
9.08211992,-5.12363606,-5.32312379,12
-9.59392824,4.09912567,-2.68947514,15
-8.52324370,-8.06438765,-6.72040869,10
-5.91537038,-9.19983926,-5.58086678,4
-8.88359695,-7.37544774,-6.05086802,10
-7.91430793,-8.04003538,-1.57494644,5
-4.28295102,6.07003475,-9.37974769,14
-3.45871132,-3.80108106,-4.28279370,0
-9.22484705,4.07905511,-0.28529890,15
-4.09610273,5.53473910,-11.28020370,14
-6.80463553,-10.26176670,-4.82439944,4
3.10570976,3.42049335,8.86451417,13
-8.75794190,4.61270890,1.94998271,15
8.13299885,-4.84401766,-5.15354866,12
-0.10094023,-7.90714368,-4.22874938,1
-9.27600168,4.55362839,1.10221090,15
-8.14339740,-6.35145447,-6.50202144,10
3.47039886,-5.46982464,-5.83639827,2
-6.28033060,5.55614292,-9.95351517,14
-5.89909050,-8.46034233,-4.52802885,4
9.15901062,-5.27946551,-3.99571888,12
-4.86769486,3.08310154,0.99096353,3
-7.45079983,-9.77827319,-3.13174150,6
6.37791595,-4.72174069,-5.43212704,12
-6.36157636,-9.41969358,-2.33532494,6
-6.84288901,-9.81308867,-7.79692661,4
-6.58922651,-10.44574785,-4.31448675,6
1.84487919,4.29165188,7.73255518,13
7.33268970,0.80217662,3.82984298,11
-8.87067540,-8.73367703,-4.40106819,4
-2.83120665,10.62598585,9.86143242,8
-2.32645288,6.56884627,10.83300274,8
-6.71969133,-8.62362504,-4.86641893,4
9.26518790,1.30147037,2.61322308,11
-3.39792017,5.02797644,-10.11270977,14
5.50632026,-6.70558286,6.83536177,16
-8.74900306,-10.01301583,-4.23196935,6
-7.75109731,-7.03855540,-8.47932482,10
9.49454171,3.12484375,3.95746614,11
2.31839961,-6.15943223,-3.16320958,1
1.50066788,2.47076320,-1.00058019,9
-8.12420081,-9.24460734,-2.92525075,5
-7.87643873,-10.87365073,-5.75414541,4
-4.39404480,2.99799786,1.32443745,3
7.39802106,-5.15425239,-4.14629418,12
-8.21502987,-10.32674285,-3.14156237,6
4.20997220,-6.13834901,-2.98379673,2
2.03989716,-3.70290395,-3.58771853,2
-7.85438850,-6.46217425,-8.79345275,10
-2.65662124,4.96453970,-8.60796564,14
-4.79278787,2.06064501,1.20886425,3
8.44818462,-5.17132879,-4.98562003,12
6.71216753,1.21524971,1.54975834,11
7.85362147,-5.65730984,6.97293314,7
1.47448358,5.46178705,9.08581392,13
-0.79567406,4.11096881,-0.05330445,9
1.11882491,-7.03362396,-4.98785093,1
-1.37126862,1.46597665,-1.78895767,9
2.84402662,-5.75092389,-1.31936319,2
1.58200742,3.89563844,8.49881626,13
8.19872503,-3.92245855,-2.11086656,12
7.75165142,-6.14050628,-4.20111512,12
8.00821774,-4.52732757,-3.75455939,12
-7.47407263,-8.77863531,0.44221829,5
-6.78754931,4.44977141,1.89943849,3
-7.53866606,-7.41165409,-1.74273994,5
8.87702884,-4.19515507,6.85190802,7
-7.91354890,-6.81270466,-7.95134097,10
-1.14145263,2.15245410,0.08325226,9
-0.76624249,3.16401160,0.09485108,9
4.97898324,-3.72012325,6.77615081,7
-4.11125115,-4.05831120,-4.15061730,0
-6.35951865,-10.70693998,-5.93338967,4
-4.80227604,4.19642395,2.63449375,3
3.36572818,-5.92380240,-4.21088886,2
-11.07974184,4.61230472,-0.16854449,15
-0.52798898,-6.18680851,-4.21597665,1
8.19361973,0.02085350,2.15596299,11
8.51287320,-4.40174842,7.65206951,7
-9.36909564,-8.73176206,-4.02326067,5
4.04628829,-7.84791865,-2.04809958,2
1.76264557,-8.00786811,-4.00470651,1
-4.90111079,7.22674107,-9.38593799,14
8.53131393,0.35071906,2.96282446,11
-5.18622187,3.92912873,1.19965829,3
1.66225756,2.81877647,8.98807676,13
-0.87065407,2.97297318,-0.98716000,9
-0.26088602,-5.52651521,-3.76629019,1
9.22350989,-6.08076218,6.94619826,7
-8.15645662,-10.25463441,-2.69158040,5
-6.87482343,-10.26348091,-2.55895788,6
3.48936329,4.05396620,9.80445552,13
-9.02024040,-7.85152905,-7.32876160,10
1.48614715,-5.08551233,-4.26002519,1
6.08930915,-6.07628730,-4.58344522,2
-10.39560008,3.29181364,-0.87598050,15
-7.51447199,2.72013525,0.09305107,15
-4.70615388,4.45540673,-10.19372209,14
8.63134582,0.17652080,1.33604103,11
0.40074540,-5.43730174,-3.72324385,1
6.66208457,-2.48193538,9.83671233,7
-8.11316023,-8.49425859,-3.82637683,6
1.59172259,3.48394136,6.77992936,13
-0.25711359,3.86423244,-2.59029799,9
6.13172969,-3.63394163,7.43530046,7
-6.11201823,-3.89990679,-4.71875923,0
2.60711381,3.68465815,8.64396846,13
-6.16498253,-7.15019432,-4.58328996,4
7.02237963,-3.19200550,-4.80576960,12
5.02592428,-9.02275355,5.66173837,16
5.47024688,-7.36914433,4.33796586,16
-5.93429236,3.39238236,1.01102250,3
-7.35535951,-10.03765273,-3.19771609,6
2.32695448,-7.45072231,-4.26653333,1
-3.24217442,8.33366188,7.88804330,8
0.33792219,-5.49290476,-4.61276456,1
5.89637478,-4.82449571,7.04211374,7
3.43635241,-4.90901478,-3.39915316,2
-0.23584101,-6.14342408,-6.33600519,1
-4.63838304,-3.79010420,-4.35606789,0
0.81735698,-5.15338130,-4.56118597,1
-5.76135818,6.05722876,-8.98620272,14
-5.57244268,4.26878751,0.32026510,3
8.46571719,-4.68524137,7.19452978,7
-3.16237940,7.45488175,9.92540686,8
-6.17593584,-9.77279190,-2.16326064,6
5.65901111,-8.33263299,7.44163040,16
-0.39717470,1.81044267,0.11901651,9
-6.93209696,-10.49001378,-4.29966730,6
3.91236836,-8.26518315,-2.21615892,2
-2.93537965,5.09098669,-11.42971566,14
-8.06930617,-8.28232494,-3.39416867,6
-4.02525798,-6.77292857,-3.26918497,0
5.58090656,-8.32894209,5.40166435,16
7.85618765,-4.58782416,-3.57738680,12
-4.13668923,4.89233394,1.10138968,3
1.62521679,-6.14967616,-3.26222188,1
-3.04821232,-4.31466339,-3.06777159,0
-2.38010757,6.05910996,11.51226794,8
0.58802870,4.18529221,8.48201062,13
-2.19217307,8.88736317,9.96468563,8
9.23265891,1.10817457,2.72843412,11
0.20517073,4.74573223,-0.91322582,9
5.23186628,-8.35003516,6.72478930,16
6.49018647,-4.45209734,7.68000702,7
-7.56932172,-8.59603704,-2.86577049,6
-7.41788825,-9.95883959,-3.46446429,4
-6.23713068,-8.53436648,-1.94701829,5
-8.27248967,-8.47121202,-4.46464978,4
-7.15065612,-9.55227106,-1.32634610,5
7.57589196,0.34720649,1.05886365,11
6.14321456,-7.56670884,6.33447041,16
-3.83541177,-4.97533122,-4.53675375,0
-7.94376590,-6.29821277,-8.25867096,10
6.64177244,-4.10809955,-3.49493696,12
-6.51962980,-8.90803746,-5.11804841,4
7.08696361,0.78768663,1.84730053,11
-9.42601604,5.91770452,0.67796572,15
3.11109057,5.08708727,8.86092318,13
-8.13382024,-8.79355235,-5.94477618,10
-7.30873511,-9.51255319,-4.38668841,6
-1.90988494,7.85744626,8.75321058,8
-8.71212940,-10.48828454,-2.04280042,5
-1.53183474,-2.28439997,-3.92040496,0
-7.07579145,-9.35850107,-4.21699325,6
-6.47463463,-8.05174055,-6.05947640,4
8.04946153,-0.01886188,2.34697913,11
5.08279909,-8.93899987,6.58776601,16
4.84628025,-8.50708529,8.06355813,16
-1.00789189,8.66527217,10.13497159,8
-8.17907477,-9.58419902,-1.92652966,5
-4.64877485,-5.58187035,-3.12862616,0
-2.61716568,4.46655954,0.54743405,3
-5.03560394,-2.54967922,-3.22743693,0
-7.47214085,-8.41565496,-3.31828143,6
0.90400658,8.22262450,9.90760331,8
8.24340693,-3.65974624,7.47898380,7
-8.77060347,4.88988435,-1.55157608,15
-8.27473206,-10.21649936,-0.69578525,5
-7.77352105,-8.39721167,-1.48638591,5
3.36873038,-4.51736396,-4.96998714,2
-3.42234335,-5.36636965,-4.35864209,0
9.20368219,-0.50618519,1.93599497,11
-1.57113440,8.19013712,11.02128335,8
-7.99935206,-8.70064442,-6.67552758,10
0.70333820,-4.83297657,-4.13226630,1
0.50079622,-6.29331254,-4.84859244,1
-7.96564014,-8.91166829,-3.63666481,6
-7.58385091,3.51138761,0.72070518,3
0.45943573,-5.82352707,-3.83626719,1
-7.82469554,-9.77757416,-6.44369270,4
8.88043088,0.18728673,1.88449865,11
6.74020690,-3.53539399,8.17902478,7
7.38072367,-4.41590586,-5.63077850,12
6.79350934,-3.38254306,8.27916050,7
7.97835398,-3.78556026,7.35466153,7
1.82604056,2.29209335,-1.42178708,9
-4.07090472,-5.44325588,-4.71886176,0
-4.67999423,6.06571374,-9.31449462,14
-5.09119566,-4.23092124,-3.18229305,0
3.89254678,5.11265220,6.67165477,13
5.56469191,-6.95285870,5.76023853,16
-7.87991264,-8.03288761,-8.24229081,10
-0.13746396,9.37462966,8.66964844,8
-4.43365724,-4.53674128,-4.75076275,0
6.83553191,-7.38897792,8.86834536,16
-10.61273637,-9.15803117,-2.14321051,5
-6.18146697,3.75376245,0.31782433,3
-6.24894873,-7.72006431,-1.05731364,5
-4.98458311,4.64037870,-10.87852775,14
3.81277297,4.14827645,8.61150466,13
-6.25460053,-9.75921239,-5.14570599,4
4.24681548,2.50811920,10.05312551,13
-3.53661684,-3.44367462,-3.62776265,0
3.89334583,-6.35800033,-4.10516843,2
-5.46174047,7.19403492,-11.11683896,14
-4.03198307,-4.92264422,-3.88343398,0
1.98886856,-5.62778837,-6.17494730,1
-7.75483102,-8.74219581,-2.20955816,5
-7.30580107,-6.74198770,-8.34350212,10
5.71448853,-5.53514765,6.56532095,16
-6.60415443,-9.76543384,-7.50976846,4
-7.66208573,-8.35830824,-0.43055094,5
8.29058804,-4.13106434,6.67187604,7
0.12443051,3.28255938,-2.54206508,9
4.74910011,-8.40052607,6.91582262,16
-2.38390551,7.39628023,10.91723518,8
7.92256292,-3.70028189,7.19519162,7
-8.40832318,3.83751333,-0.51015889,15
-4.60673044,-2.53757871,-3.91293167,0
-1.94433995,7.84044497,12.45866654,8
-4.68202733,4.57648073,-10.01682625,14
6.72668768,0.32045037,1.88717969,11
-7.86685717,-9.02781470,-3.29342760,6
9.01311333,-3.40944542,7.15973926,7
-8.02375862,6.00579900,0.76783254,15
-4.08740522,-4.69424960,-3.64313419,0
-6.58907638,-10.07652358,-2.70701427,5
-3.39939519,-3.89446352,-4.33380477,0
-10.73121187,4.34592851,-1.25658672,15
-2.46263727,4.06073947,1.50556789,3
10.77333106,0.47388527,2.64304040,11
7.64714256,0.89641523,2.68119434,11
-4.90941805,5.09059876,-8.08387689,14
-5.98316133,-3.98955256,-3.67641231,0
-1.30094738,7.88570699,9.03451840,8
-6.77224314,-9.00290979,-5.34499560,4
-8.06264249,-8.85533509,-2.90161028,6
6.26016624,-4.10210252,-6.07194927,12
1.31865147,-6.57946123,-5.49604885,1
4.80573782,-8.80781001,5.25680659,16
-8.08629794,-9.17605108,-1.56376726,5
4.84482345,-4.34816502,-2.77499562,12
0.23114959,3.41576933,-3.45314220,9
6.64834372,-4.42997112,-2.77075690,12
8.32482352,-2.15053731,7.67507568,7
-9.60354513,3.16112713,-0.36168678,15
-3.41077504,7.19645868,-9.01450379,14
-8.74903876,-7.61359563,-6.97838898,10
-1.54711598,8.68572363,9.23898195,8
-9.82977092,-8.34077857,-7.87687021,10
-3.04335363,4.01643714,-8.36578255,14
-4.37873022,6.25195426,1.59528062,3
-7.93641457,-11.43088143,-4.66738836,6
-8.31252905,-6.94352598,-7.05329097,10
-1.03330249,7.25134818,9.86430799,8
0.51741991,-4.71156588,-3.76926147,1
1.24078525,-7.15254056,-2.42775707,1
6.73175052,-8.29764445,7.23203888,16
-0.30747541,-6.94263603,-3.70585505,1
1.31935254,1.62140351,8.61796985,13
-1.11131737,9.58503716,11.32501572,8
8.32659018,-4.09881458,6.75661297,7
1.61721656,5.13601505,8.83188969,13
2.99518051,-5.45116723,-3.39241353,2
1.01216545,3.21127789,-1.06856090,9
3.75274943,3.11370415,7.79846284,13
0.71483932,3.10185584,-1.02040949,9
-0.76673427,7.75712877,11.15860923,8
